2
4
7
10
14
18
23
28
34
40
47
54
62
70
79
88
98
110
123
137
153
170
188
207
227
249
272
296
322
349
377
407
439
474
511
550
592
636
682
730
780
833
888
945
1005
1067
1131
1197
1265
1336
1409
1484
1562
1642
1724
1808
1894
1983
2074
2167
2263
2361
2461
2563
2667
2774
2883
2994
3108
3224
3342
3462
3584
3709
3836
3965
4097
4231
4367
4505
4645
4788
4933
5080
5230
5382
5536
5692
5850
6011
6174
6339
6507
6677
6849
7023
7199
7378
7559
7742
7928
8116
8306
8498
8692
8889
9088
9289
9493
9699
9907
10117
10329
10544
10761
10980
11202
11426
11652
11880
12110
12343
12578
12815
13055
13297
13541
13787
14035
14286
14539
14794
15052
15312
15574
15838
16104
16373
16644
16917
17193
17471
17751
18033
18317
18604
18893
19184
19478
19774
20072
20372
20674
20979
21286
21595
21907
22221
22537
22855
23175
23498
23823
24150
24480
24812
25146
25482
25820
26161
26504
26849
27197
27547
27899
28253
28609
28968
29329
29692
30058
30426
30796
31168
31542
31919
32298
32679
33063
33449
33837
34227
34619
35014
35411
35810
36212
36616
37022
37430
37840
38253
38668
39085
39505
39927
40351
40777
41205
41636
42069
42504
42942
43382
43824
44268
44714
45163
45614
46067
46523
46981
47441
47903
48367
48834
49303
49774
50248
50724
51202
51682
52164
52649
53136
53625
54117
54611
55107
55605
56105
56608
57113
57620
58130
58642
59156
59672
60190
60711
61234
61759
62287
62817
63349
63883
64419
64958
65499
66042
66588
67136
67686
68238
68792
69349
69908
70469
71033
71599
72167
72737
73309
73884
74461
75040
75622
76206
76792
77380
77970
78563
79158
79755
80355
80957
81561
82167
82775
83386
83999
84614
85232
85852
86474
87098
87724
88353
88984
89617
90253
90891
91531
92173
92817
93464
94113
94764
95418
96074
96732
97392
98054
98719
99386
100055
100727
101401
102077
102755
103435
104118
104803
105490
106180
106872
107566
108262
108960
109661
110364
111069
111777
112487
113199
113913
114629
115348
116069
116792
117518
118246
118976
119708
120442
121179
121918
122659
123403
124149
124897
125647
126399
127154
127911
128670
129432
130196
130962
131730
132500
133273
134048
134825
135605
136387
137171
137957
138745
139536
140329
141124
141922
142722
143524
144328
145134
145943
146754
147567
148383
149201
150021
150843
151667
152494
153323
154154
154988
155824
156662
157502
158344
159189
160036
160885
161737
162591
163447
164305
165165
166028
166893
167760
168630
169502
170376
171252
172130
173011
173894
174779
175667
176557
177449
178343
179239
180138
181039
181942
182848
183756
184666
185578
186492
187409
188328
189249
190173
191099
192027
192957
193889
194824
195761
196700
197642
198586
199532
200480
201430
202383
203338
204295
205255
206217
207181
208147
209115
210086
211059
212034
213012
213992
214974
215958
216944
217933
218924
219917
220913
221911
222911
223913
224917
225924
226933
227944
228958
229974
230992
232012
233034
234059
235086
236115
237147
238181
239217
240255
241295
242338
243383
244430
245480
246532
247586
248642
249700
250761
251824
252889
253957
255027
256099
257173
258249
259328
260409
261492
262578
263666
264756
265848
266942
268039
269138
270239
271343
272449
273557
274667
275779
276894
278011
279130
280252
281376
282502
283630
284760
285893
287028
288165
289305
290447
291591
292737
293885
295036
296189
297344
298502
299662
300824
301988
303154
304323
305494
306667
307843
309021
310201
311383
312567
313754
314943
316134
317328
318524
319722
320922
322124
323329
324536
325745
326957
328171
329387
330605
331825
333048
334273
335500
336730
337962
339196
340432
341670
342911
344154
345399
346647
347897
349149
350403
351659
352918
354179
355442
356708
357976
359246
360518
361792
363069
364348
365629
366913
368199
369487
370777
372069
373364
374661
375960
377262
378566
379872
381180
382490
383803
385118
386435
387755
389077
390401
391727
393055
394386
395719
397054
398392
399732
401074
402418
403764
405113
406464
407817
409173
410531
411891
413253
414617
415984
417353
418724
420098
421474
422852
424232
425614
426999
428386
429775
431167
432561
433957
435355
436755
438158
439563
440970
442380
443792
445206
446622
448040
449461
450884
452309
453737
455167
456599
458033
459469
460908
462349
463792
465238
466686
468136
469588
471042
472499
473958
475419
476883
478349
479817
481287
482759
484234
485711
487190
488672
490156
491642
493130
494620
496113
497608
499105
500605
502107
503611
505117
506625
508136
509649
511164
512682
514202
515724
517248
518774
520303
521834
523367
524903
526441
527981
529523
531067
532614
534163
535714
537268
538824
540382
541942
543504
545069
546636
548205
549777
551351
552927
554505
556085
557668
559253
560840
562430
564022
565616
567212
568810
570411
572014
573619
575227
576837
578449
580063
581679
583298
584919
586542
588168
589796
591426
593058
594692
596329
597968
599609
601253
602899
604547
606197
607849
609504
611161
612820
614482
616146
617812
619480
621150
622823
624498
626175
627855
629537
631221
632907
634595
636286
637979
639674
641372
643072
644774
646478
648184
649893
651604
653317
655033
656751
658471
660193
661917
663644
665373
667104
668838
670574
672312
674052
675794
677539
679286
681035
682787
684541
686297
688055
689815
691578
693343
695110
696880
698652
700426
702202
703980
705761
707544
709329
711117
712907
714699
716493
718289
720088
721889
723692
725498
727306
729116
730928
732742
734559
736378
738199
740023
741849
743677
745507
747339
749174
751011
752850
754692
756536
758382
760230
762080
763933
765788
767645
769505
771367
773231
775097
776965
778836
780709
782584
784462
786342
788224
790108
791994
793883
795774
797667
799563
801461
803361
805263
807167
809074
810983
812894
814808
816724
818642
820562
822484
824409
826336
828265
830197
832131
834067
836005
837945
839888
841833
843780
845730
847682
849636
851592
853550
855511
857474
859439
861407
863377
865349
867323
869299
871278
873259
875242
877228
879216
881206
883198
885192
887189
889188
891189
893193
895199
897207
899217
901229
903244
905261
907280
909302
911326
913352
915380
917410
919443
921478
923515
925555
927597
929641
931687
933735
935786
937839
939894
941952
944012
946074
948138
950204
952273
954344
956417
958493
960571
962651
964733
966817
968904
970993
973084
975178
977274
979372
981472
983574
985679
987786
989895
992007
994121
996237
998355
1000475
1002598
1004723
1006850
1008980
1011112
1013246
1015382
1017520
1019661
1021804
1023949
1026097
1028247
1030399
1032553
1034709
1036868
1039029
1041192
1043358
1045526
1047696
1049868
1052042
1054219
1056398
1058579
1060763
1062949
1065137
1067327
1069519
1071714
1073911
1076110
1078312
1080516
1082722
1084930
